16 383 219 30 27 
16 180 239 32 34 
16 208 268 48 57 
16 314 274 53 66 
16 342 282 25 46 
16 439 253 16 52 
16 135 249 23 28 
16 130 201 16 20 
16 114 198 15 14 
16 112 203 12 10 
16 96 200 16 15 
16 82 201 15 17 
16 193 193 14 16 
16 222 193 18 19 
16 304 185 17 20 
16 275 169 10 9 
16 264 169 9 10 
16 10 210 18 15 
16 9 197 15 13 
16 373 277 22 35 
16 326 167 12 10 
16 356 176 13 13 
16 59 279 43 50 
16 264 277 23 38 
16 231 304 33 27 
16 279 239 8 20 
16 72 234 17 21 
16 113 244 21 17 
16 99 249 9 10 
16 103 264 14 14 
16 125 306 29 41 
16 165 289 42 65 
16 228 234 17 14 
16 200 178 8 9 
16 162 180 11 10 
16 174 178 8 8 
16 123 181 10 9 
16 99 185 9 9 
16 86 187 7 7 
16 48 191 12 14 
16 333 183 6 15 
16 388 179 8 16 
16 363 160 8 10 
16 340 162 9 11 
16 316 163 8 9 
16 327 163 10 10 
16 166 193 12 14 
16 141 186 10 13 
16 111 184 8 8 
16 72 217 9 9 
16 25 190 6 5 
16 38 188 7 9 
16 38 200 10 10 
16 13 189 8 9 
16 215 204 10 13 
16 391 268 26 60 
