6 269 146 71 93 
6 146 176 90 95 
6 267 108 74 69 
6 169 130 83 103 
6 263 73 68 53 
6 267 40 51 62 
6 280 29 49 57 
6 65 139 89 91 
6 379 387 136 120 
6 391 269 113 126 
6 418 184 59 53 
6 408 170 78 81 
6 396 132 77 95 
6 387 101 68 74 
6 368 45 61 89 
6 437 57 21 72 
6 426 28 42 53 
6 19 178 37 80 
5 183 51 129 101 
13 67 381 46 112 
13 234 257 47 94 
13 121 123 27 51 
13 97 94 25 34 
14 76 342 52 125 
14 233 233 43 103 
13 136 248 52 81 
14 134 225 42 105 
14 97 78 25 29 
14 120 90 25 41 
14 7 22 12 41 
