2 236 106 37 34 
2 259 384 29 26 
2 295 368 24 21 
2 375 366 24 25 
2 426 350 19 20 
2 417 348 19 21 
2 400 326 17 18 
2 389 312 9 14 
2 374 326 8 17 
2 366 336 8 20 
2 294 338 13 20 
2 294 323 17 17 
2 282 319 18 20 
2 263 316 15 20 
2 278 306 13 16 
2 253 299 13 17 
2 226 324 17 18 
2 189 312 16 16 
2 233 300 16 16 
2 163 336 21 21 
2 155 320 14 20 
2 222 310 15 14 
2 222 302 14 10 
2 186 294 11 16 
2 165 306 14 17 
2 170 298 12 13 
2 173 290 13 14 
2 152 283 8 14 
2 137 295 12 14 
2 96 326 17 18 
2 78 316 17 20 
2 90 310 11 17 
2 111 291 10 17 
2 99 290 12 20 
2 77 280 12 16 
2 16 290 8 16 
2 30 308 17 22 
2 54 305 15 18 
2 53 290 15 16 
2 42 302 17 14 
2 40 294 14 16 
2 131 306 19 20 
