19 26 135 51 94 
19 72 131 64 86 
19 132 139 64 82 
19 194 129 65 88 
19 254 138 56 74 
19 322 124 73 89 
19 392 117 70 87 
19 440 125 15 95 
19 23 200 45 71 
19 73 212 64 83 
19 133 209 59 63 
19 194 204 65 76 
19 254 215 56 78 
19 312 209 68 87 
19 379 200 64 80 
19 435 213 25 86 
19 16 267 31 81 
19 62 274 64 82 
19 126 281 59 86 
19 185 274 67 84 
19 251 278 66 78 
19 321 280 70 88 
19 385 270 60 89 
19 438 284 19 93 
19 25 354 48 87 
19 82 349 81 77 
19 174 338 76 99 
19 242 347 61 84 
19 312 354 63 82 
19 379 345 73 65 
19 432 358 31 71 
19 19 406 36 26 
19 76 403 77 47 
19 158 407 76 48 
19 240 417 76 60 
19 319 425 83 45 
19 317 412 58 52 
19 388 426 54 43 
19 433 400 28 17 
