4 254 272 93 97 
14 165 265 266 365 
14 323 267 134 269 
4 178 50 12 55 
4 166 48 10 56 
4 153 49 11 55 
4 140 46 12 53 
4 127 45 10 55 
4 115 44 12 58 
4 101 43 16 59 
4 88 43 13 59 
4 74 40 12 57 
4 60 41 12 57 
4 38 39 16 57 
4 23 38 14 56 
4 6 40 11 55 
4 128 105 8 31 
4 115 115 9 56 
4 102 114 12 59 
4 88 115 12 56 
4 75 112 15 64 
4 61 111 15 67 
4 39 110 13 68 
4 25 113 14 62 
4 27 164 12 20 
4 39 166 13 19 
4 60 168 12 19 
4 70 164 12 20 
4 81 165 12 20 
4 93 165 14 20 
4 105 165 14 20 
4 30 201 15 25 
4 38 236 15 29 
10 272 406 351 83 
4 24 328 19 56 
4 10 355 19 40 
4 64 197 15 29 
14 12 217 22 250 
