19 53 301 56 75 
8 48 390 66 115 
17 340 371 215 153 
8 14 336 25 69 
15 16 294 29 106 
15 152 165 14 47 
15 168 163 19 45 
15 184 165 18 40 
15 217 155 25 24 
15 246 155 19 30 
15 278 161 25 48 
15 301 159 24 48 
15 311 227 17 31 
15 290 220 27 49 
15 274 219 17 48 
15 149 220 15 49 
15 165 225 13 37 
15 176 229 9 26 
15 188 223 12 37 
15 151 272 20 47 
15 156 281 11 31 
15 186 273 12 43 
15 208 210 13 30 
15 219 203 13 43 
15 234 204 15 44 
15 247 207 14 35 
15 211 269 20 72 
15 227 284 17 39 
15 244 271 24 41 
15 296 273 18 40 
15 275 272 19 44 
15 284 275 17 44 
